(mA)    xy         zy         zx      x2-y2         z2
       231         -8          2        528       -588

(G/cm)     x            y            z      bo (Hz)
   -0.000686    -0.001222    -0.002960  -181.954045
   -0.000649    -0.000940    -0.003428  -204.270811
   -0.000626    -0.000737    -0.003626  -212.947202
   -0.000735    -0.000590    -0.003629  -215.085831
   -0.000760    -0.000559    -0.003470  -206.958524
   -0.000872    -0.000509    -0.003565  -208.423218
   -0.001081    -0.000513    -0.003677  -212.685627
   -0.001333    -0.000493    -0.003787  -215.858065
   -0.001468    -0.000507    -0.003827  -216.706407
   -0.001531    -0.000767    -0.003537  -208.754358
   -0.001640    -0.001107    -0.003243  -200.307218
   -0.001642    -0.000822    -0.003582  -208.236670
   -0.001778     0.001021    -0.004793  -242.520464
   -0.001878     0.001714    -0.005094  -257.364874
   -0.001234     0.002657    -0.005167  -267.788214
   -0.000949     0.003466    -0.004779  -270.716142
   -0.001395     0.003368    -0.004084  -259.806574
   -0.001104     0.003437    -0.003803  -248.871175
   -0.000659    -0.004745     0.006358  -511.191231
   -0.001394    -0.004217     0.008099  -553.040274
   -0.001931    -0.004274     0.009861  -602.894764
   -0.002478    -0.004019     0.011765  -656.883892
   -0.002695    -0.003597     0.013135  -695.297767
   -0.002406    -0.003951     0.014129  -730.990650
   -0.001922    -0.003387     0.014928  -752.923631
   -0.001217    -0.001376     0.015006  -726.522960
   -0.001234     0.001214     0.014235  -655.497219
   -0.001903     0.003070     0.012550  -545.568779
   -0.001279     0.003334     0.011067  -466.927013
   -0.002127     0.002811     0.009427  -385.172736
